5.5276405787728304e+00 1.3514435574983790e+00
4.7249906164924544e+00 1.2595330700679384e+00
7.5813638267129901e-01 5.9428279020069130e-01
4.0960574128620753e-01 1.3786417490062706e+00
4.1581805860274379e+00 1.5759935527412587e+00
3.0920376522503719e+00 1.4758617171552180e+00
3.3925239525835851e+00 2.2521844593348339e-01
2.0227250324781227e+00 1.5503262186134343e+00
2.0392647556219661e+00 1.8614258238407078e+00
5.3604647671122843e+00 2.9380705373904936e-01
2.9038474942435921e+00 1.1773834949543605e-01
4.7079406690404753e+00 6.9583467489629658e-01
1.1662657229403732e+00 1.0441949801496131e+00
5.5446906617747738e-01 1.2057761353308625e+00
1.2830212212270307e+00 1.0909936478272666e+00
3.4647388203207603e+00 1.7781057452244990e+00
4.0739451742163748e+00 1.6476531011224727e+00
5.8984438015569776e+00 2.1073710824653551e+00
2.2251356238791065e-01 7.1789840667580129e-01
9.3942315500852480e-01 4.6109779783209826e-01
2.7697693242258383e+00 4.5481609972772374e-01
2.1916084191474492e+00 2.4772490686512842e+00
6.5139604740717205e-01 2.6589988116893259e+00
5.1805758512852851e+00 2.2417731788264446e+00
2.5022718727974427e+00 1.5455302382679856e+00
4.1182332501487879e+00 2.6350958364104518e+00
3.1039531265544569e+00 2.9348846213844575e+00
6.2019744968186430e+00 2.5116623974522398e+00
4.0225147683252143e+00 1.2557256542897650e+00
2.0181117277316716e+00 2.6773621131538006e+00
1.7039480346511089e+00 1.2969972838076185e+00
2.9385096479174067e+00 1.4235212112598046e+00
3.7521497484901771e+00 2.5851340315481366e+00
5.0971163242132107e+00 2.0572221246043254e+00
3.3880416610689097e+00 1.8601820252361041e+00
2.6996621200247084e-01 2.5086342845421097e+00
4.9674660068567125e+00 1.0495433897550543e+00
1.6635379482874837e+00 1.6044648541834452e+00
5.3071088749149817e+00 2.8856999776869592e+00
4.3734408491879266e+00 1.2066876584474207e+00
3.7191443756728608e+00 8.5180317802496996e-01
2.5507258083691000e+00 2.3645005069286116e+00
4.2334463032185399e-01 8.9006084850096168e-01
6.0749994417478499e+00 2.0550324601709660e+00
4.1881686990034659e+00 2.9251508889920599e+00
1.4891413041866546e+00 1.5782189028088038e+00
6.3480451195784449e-01 5.0937097430146605e-01
1.5201005059109591e+00 9.6140110636400056e-01
5.6118518555063535e+00 1.8785581175774766e+00
1.3706831427788198e+00 1.1331991156116601e+00
3.1532650521612151e+00 1.5908334482320903e+00
5.7039036088513093e+00 1.7125511808156235e+00
1.1546701615119799e+00 4.8307448387324214e-01
2.9105295636641992e+00 1.5293930238042386e+00
3.9044120137044551e+00 1.0128995571775756e+00
3.6989154415367755e+00 1.1142837391841152e+00
4.2641390903270464e+00 2.2665443738325735e+00
1.6698438062843266e+00 1.2108664333761121e+00
2.6096976391876900e+00 1.8202589066107087e+00
5.0421644848193310e+00 2.3387626559407160e+00
5.8182023040069781e+00 1.2261972480379177e+00
2.9896480691068632e+00 1.6580423697149935e+00
1.9526793850261415e+00 2.5954953406116905e+00
2.8203654485251239e+00 1.5714473197375636e+00
1.9318202861497369e+00 1.9207544791161568e+00
1.7735190232943705e+00 8.5239122616951046e-01
8.8659393465929970e-01 2.8167179278868253e+00
1.1176736917979508e+00 2.1948039633026659e+00
2.9354765614679392e+00 8.0483670934681051e-01
5.6876228993675371e-01 2.1104550551420496e+00
5.7032678716357870e+00 1.9298799269827041e+00
9.5604050727993561e-01 1.9252191393210019e+00
9.3853676614863923e-01 9.9966415675854547e-01
4.5300178062439311e+00 1.3993941318040033e+00
4.1660481882367382e+00 9.0551793617012488e-01
2.3411918346194289e+00 2.5532939085164399e+00
6.2817502607480424e-01 2.2720010215518629e+00
6.2606869896150332e+00 1.3493125172573375e+00
2.4621806216938502e+00 2.6245763206593349e+00
4.8549370482612044e+00 1.0505893222423399e+00
2.8442780875538518e+00 1.4376216222287987e+00
5.4650324722315213e-01 9.6684105376580676e-01
5.0400349865144145e+00 2.2397817704070704e+00
4.1355093170918060e+00 1.0312433601604680e+00
2.8513327771548505e+00 9.9317598662802997e-01
3.4219974362160381e+00 8.1348408944299933e-01
3.2497381743895990e+00 1.6799705536309379e+00
3.8660024303681300e+00 2.2298170697462960e+00
4.1328943546070249e+00 2.0913515919443362e+00
1.1815429267057451e+00 1.9869013523297512e+00
5.1113360159273693e+00 1.7028559408812098e+00
1.2319056452871355e+00 1.8859462897929820e+00
2.6180449356528994e+00 1.3206140712954944e+00
1.6012338840368130e+00 5.1556395848524961e-01
1.8510144939639961e+00 1.9673366101210124e+00
6.2438056201645722e+00 2.0752217858276536e+00
5.7397688808842009e+00 5.2999475719280142e-01
3.3898402055825736e+00 5.2111509463808225e-01
2.9624042977681588e+00 1.9429649835455232e+00
3.1368415061230244e+00 2.5310321772796778e+00
2.1672556403239285e+00 9.5839795432850972e-01
2.2520233837105992e+00 2.3884544841523905e+00
6.1698600379847015e+00 1.7264249839348109e+00
2.9829765319135912e+00 1.8039090749203170e+00
4.6451661273687090e+00 1.3137828542612664e+00
4.1890456079593665e+00 2.3621596240837901e+00
5.0104668937615227e+00 1.3071060246121162e+00
1.5481937523497393e+00 2.4471991104233455e+00
1.6750181696539732e+00 2.4024478733609884e+00
4.5863423288979863e+00 1.7407078834266829e+00
1.1011569127139409e+00 2.0736154184717193e+00
5.1457291897510080e+00 4.6267324295173395e-01
1.0201525176165052e+00 1.6029248527365134e+00
5.9046991749436586e+00 1.7068137429312908e+00
4.5761228607270343e+00 1.8641798549353623e+00
8.7734136155163878e-01 1.6468318651505576e+00
5.4020253122541630e+00 9.7658479686385158e-01
5.8227468755495799e+00 2.2711736618946561e+00
3.3383540015538666e+00 2.8453088989563433e+00
2.5486954240185233e+00 1.1328206352723273e+00
2.7938981493625090e+00 1.3371636932407696e+00
4.3979168301599918e+00 1.7778814935998020e+00
1.7531919397045239e+00 5.7070790417996298e-01
2.0507697727121776e-01 1.6406157877665219e+00
6.0249906854698150e+00 5.5508379654930184e-01
6.2204530818128783e+00 1.5956584802309193e+00
4.8476846080444300e+00 5.5795113696107679e-01
6.1976634528769381e+00 1.0901959596991164e+00
3.1659555474275907e+00 1.2837142669309447e+00
8.2474207705050429e-01 2.9064589549386790e+00
3.0007805833995929e+00 1.5189972614904999e+00
4.6307630937687003e+00 1.6616582778678424e+00
4.1190446326364896e+00 1.2010577613278073e+00
5.4899576858595598e+00 1.4507224452500185e+00
4.8737259998162434e+00 2.1741526957561645e+00
3.9312641183219652e+00 1.3142240226538819e+00
1.8426959474000739e+00 7.5584657550523893e-01
2.1352909776513171e+00 2.9309718906860769e+00
5.3956836792284548e+00 2.4575830323129471e+00
2.5471604325878738e+00 1.0068188063966470e+00
5.3000691025393776e-01 2.8330695458209547e+00
5.5196725175091572e+00 2.3994266820338832e+00
2.8114591235036297e+00 1.9672846789128764e+00
9.8472323718158528e-01 6.4364199790989740e-01
6.1699368200253915e+00 1.3117829316426273e+00
4.4322651664361166e+00 2.9951390316628999e+00
2.4606451109613516e+00 2.0035194470336504e+00
2.4451225151987765e+00 2.1579449049631974e+00
2.8959599125570823e+00 2.0084680342735051e+00
3.0284967631742399e+00 2.8317242211897495e+00
1.9431268187137398e+00 8.2036600585222252e-01
2.9651878513634906e+00 1.0049536663741758e+00
6.2780432267693982e+00 1.1509588379152964e+00
1.0194198106100840e+00 9.1250216649037375e-01
2.0215329201506487e+00 9.5503141261989022e-01
4.8058558684325385e+00 2.4216549918888277e+00
3.5048232983474286e+00 1.8695141161927527e+00
4.4701497603220908e+00 2.8427547903383483e+00
5.1453546293251211e+00 3.0770076436276055e+00
5.5286587787561281e+00 2.9898715825879645e+00
8.6688132179918176e-01 2.2026187476940926e+00
4.0730393937671234e+00 2.3135881892681636e+00
4.6690512679247949e+00 1.5528061631136716e+00
4.4055538672576215e+00 1.6713278941157279e+00
3.7889736982482178e+00 1.3052778352288252e+00
3.1279022361438980e-01 1.9842707548239824e+00
1.2156658910728844e+00 1.3913932686036616e+00
2.0767819052512317e+00 1.3568224540186353e+00
3.9449785425621471e+00 2.3256919392329518e+00
1.3738876940057965e+00 2.5513509220461197e+00
5.8742263077530721e-01 2.7433528671980110e+00
6.1170813215053510e+00 2.2275527799441353e+00
1.3491053628958944e+00 1.5825970890287497e+00
6.0378566613064368e+00 7.6996486295463129e-01
3.6693899129859080e+00 1.9696326065364178e+00
1.4603837302022136e+00 2.3359455375111571e+00
3.2365000009333951e+00 2.6152239658836880e+00
4.6392950541362072e+00 4.8696009716687794e-01
1.8007291199470983e+00 2.0590045491566009e+00
7.0057142468228228e-01 1.3501356865882492e+00
3.3263211445931509e+00 2.2201161504654654e+00
1.4008187454965821e+00 1.9860562155624693e+00
2.0496624308237723e+00 1.0911896859407710e+00
6.0743465718049894e+00 2.3527407227715993e+00
2.1646641673020768e+00 8.2150287496080687e-01
5.6988040278551200e+00 2.5440643519321422e+00
2.9383670077382043e+00 3.3143489493079903e-01
1.6281502939783365e-02 1.2527400712902819e+00
1.9646326923792543e+00 2.0243410476927304e+00
9.3399575514950639e-01 7.9605374932849449e-01
6.2649250601487729e+00 2.7862429856678910e+00
2.7503064279458349e+00 9.8786545192991582e-01
3.4616917239587184e+00 7.0130236270822832e-01
1.7163391638505907e+00 1.4046326021130651e+00
5.5909425087459637e+00 1.1586882955988882e+00
6.3551010994950152e-01 1.6249791407554361e+00
5.0769681324786422e+00 8.7146826471549121e-01
2.6551019082347951e+00 2.9302850887813259e+00
5.7110337487197125e+00 2.1349886791331674e+00
3.3179084425335024e+00 2.5085617431313900e+00
5.5429829378114981e+00 2.3107385869627004e+00
2.3652288560228429e+00 5.2518133730922134e-01
2.6081913256556311e+00 8.4794437251714549e-01
3.6673323389926065e+00 2.2993000835616728e+00
5.7454956459097692e+00 1.1457640212962945e+00
8.7552694019428623e-01 2.7290247476522045e+00
2.5039668252549685e-01 2.3702327631463245e+00
2.5804432090192138e+00 2.1579122424259682e+00
3.7257425289626251e+00 1.2192247796809346e+00
5.8954943357482223e+00 8.5538649580038384e-01
2.0486830162005294e+00 7.5946343366149771e-01
3.3650179778501461e+00 1.6476542824392040e+00
4.9000133425961696e+00 9.5015169355646634e-01
2.0424617481006671e+00 1.9546518820329624e+00
4.1467152512638306e-01 2.6432558957560248e-01
2.9721483662719459e+00 2.1729382104349537e-01
2.0339748399242241e-01 2.5888179202670907e+00
4.3320838750200537e+00 1.9270513820689286e+00
6.9557707159404636e-01 2.0800581549855961e+00
1.1302183757206423e+00 2.2782428173375315e+00
3.3883254489529260e+00 1.0201349432672142e+00
3.8097357759298096e+00 1.8245519247190840e+00
2.3281450834524824e+00 2.3047601751323690e+00
3.7342870907438797e+00 2.2179512727923436e+00
5.1762102975125295e+00 6.6499681888717443e-01
4.4304866991086236e+00 4.9299322275094060e-01
2.4906184592133593e+00 1.6970621769215679e+00
3.7267037524389046e+00 2.8931494844463939e+00
1.6454909375934994e+00 1.7129639302931421e+00
4.5894841620908338e+00 2.3632943312958634e+00
2.2911416384706640e+00 4.2466654292455486e-01
5.5342946477202393e-01 1.9434350488686156e+00
1.9789709730142611e+00 6.8293156582812831e-01
1.9586662857940023e+00 5.8927794486482388e-01
9.3699884688484225e-02 9.6048850238965156e-01
1.0917865413203187e+00 5.7290744973364394e-01
5.6870872236524486e+00 2.8871859084634797e+00
3.9578568937582976e+00 3.9695156141012000e-01
5.4783095420659125e+00 2.6178987267272920e+00
1.7102579109582861e+00 2.0063434854673137e+00
5.6233264379898671e+00 1.6334690655606812e+00
1.2645334518848417e+00 3.0475745786635522e-01
6.0426903553671441e+00 1.3842464546804374e+00
2.6079300175961935e+00 2.0038842747704417e+00
1.3294848069937715e+00 2.3589516380757316e+00
5.3274465754165732e+00 2.2869078691824312e+00
2.3031238751656087e+00 1.9925410270041328e+00
3.1312172955232827e+00 1.6816671062384470e+00
4.7447559645385535e+00 1.8548816019739518e+00
5.2421914383076533e+00 1.6885483825963179e+00
2.4475937900925295e+00 1.2036862505809369e+00
5.4098738750333242e-01 1.7504177556532143e+00
1.3216110023369076e+00 2.9067108590031996e+00
5.1068566976957257e+00 2.7122079741028058e+00
5.8300602936708223e+00 1.8981222651711671e+00
3.6193117316866621e+00 3.0813188687652793e-01
5.8271890952590546e+00 1.4878272203521810e+00
3.8610569631716753e+00 5.9216310001466432e-01
6.2273348908731521e+00 1.9132595501024152e+00
4.8878067388133930e+00 1.9671570204896063e+00
1.1467360123579686e+00 6.9170554954924846e-01
3.1980260811635994e+00 8.7400835151082390e-01
4.0289943221843414e+00 1.7463154661001998e+00
5.4663451563854784e+00 6.8003450942960142e-01
3.7439069071330020e+00 1.7407436288456968e+00
6.2486710488772728e+00 1.7896103392876710e+00
8.3012405389643362e-01 1.8519212167763226e+00
1.9266861451376700e+00 1.7048416855155863e+00
2.9533066394252034e+00 1.2013002134497031e+00
8.3328209944245923e-01 2.5479714620739751e+00
1.4055320006518859e+00 1.0245734017789609e+00
1.0177611720968995e+00 2.3245805081090012e+00
4.2576627903492295e+00 1.5278326530767266e+00
2.1136841175348167e+00 2.0268723667629436e+00
4.9163903610561714e+00 1.3671743855725387e+00
3.3463759769282073e+00 2.1297002793039121e+00
1.4354728163425718e+00 4.4726466999472358e-01
4.3097000597702380e+00 2.6606691132860378e+00
2.9982366906160118e-01 2.2720017069400646e+00
3.7147289359236200e+00 1.3492046258104757e+00
6.1831046222139001e+00 1.9968855990303214e+00
2.3698328982740042e+00 2.4568837178384237e+00
3.4734480484511892e+00 2.2134810407537300e+00
5.6466104655858409e+00 3.4605911875607331e-01
1.5787416549459936e+00 1.9718748013245893e+00
5.2419537582127589e+00 2.0769658488381308e+00
1.0275381709668108e+00 1.1951258262517233e+00
2.1433978779870655e-01 3.0520515982869068e+00
1.8598704156651467e+00 2.5098954920462644e+00
5.4267853636781078e+00 2.0208705971180780e+00
5.1753981717105457e+00 2.1458684526897898e+00
1.1162804900119241e+00 1.2423303565247221e+00
6.1136590979543470e+00 1.1697067105313550e+00
1.6184088585399743e+00 8.4011883194061210e-01
4.8507443921173747e+00 1.4288943935195666e+00
5.1393092424764895e+00 1.4760526113518293e+00
3.1817318411253916e+00 1.4978585491823229e+00
5.7793167886696803e+00 7.9202904393255202e-01
6.6512894219733898e-01 1.7046971886338327e+00
8.5577900892531700e-01 1.9415370508230945e+00
5.3756541659877790e+00 1.5782157373731742e+00
1.3066002787467079e-01 1.9265383915533338e+00
4.6772807996523689e+00 2.4525246361618187e+00
5.1998351397218920e+00 1.8770746182593876e+00
7.9204280487439771e-01 2.1196385553964827e+00
3.0686929084581349e+00 1.2764855294433870e+00
2.3147199730666448e+00 9.7359298264644789e-01
4.8379792584757313e+00 1.7210250138660332e+00
1.8802232315475047e+00 1.3589169052087926e+00
5.2617228532553186e+00 1.9665293455530928e+00
1.0925362708334641e+00 1.6979947736570347e+00
5.5194111894437663e+00 1.9269688592664109e+00
5.9420020592255103e+00 9.5882178083931779e-01
1.2823973697455788e+00 9.9755691638969068e-01
4.0054711469089588e-01 2.3472561924991413e+00
3.4555417877968382e+00 2.4888357313065015e+00
1.2124121762093321e-02 1.5334205232972267e+00
5.2344157815048735e+00 1.0811280297683337e+00
5.6946103606363687e+00 9.0779261432885316e-01
4.3348864296771747e+00 1.0495634983516247e+00
1.5585300439546754e+00 7.2732886310394051e-01
3.5397061747908833e+00 2.3178767232135002e+00
5.7988492661562008e+00 2.1844657884760634e+00
5.6548544673751957e+00 6.9854602338273497e-01
3.7761857336310909e+00 1.6653874562941882e+00
5.0516860247669095e+00 2.1533218136343706e+00
5.3116240673188742e+00 1.1678587209445559e+00
3.5530398097972449e+00 7.8412548464717957e-01
6.2482678704441827e+00 9.1802718488051860e-01
1.5172072656133526e+00 8.5888370339071474e-01
2.6731582336504647e+00 1.4400117601511304e+00
2.7777001266216437e+00 2.0844981775864255e+00
5.4568418906569116e+00 1.5484355948781354e+00
4.7384331890041675e-01 8.1394055677917765e-01
2.1597154375706493e+00 2.1175073702419143e+00
9.8758118434758124e-01 1.1105667377652517e+00
1.4356433801036663e+00 7.6414045973472078e-01
4.5651664842606205e+00 1.5888577452650465e+00
1.8524023130901865e+00 1.6151454177971096e+00
1.7270520961187934e+00 4.3716854557426910e-01
8.8615118520760605e-01 1.3345356548777596e+00
1.3959699543722639e+00 9.2942008497806006e-01
5.0928168007148598e+00 1.8037028198807405e+00
2.3853245409139405e+00 1.9351647614093801e+00
4.3295468368848642e+00 1.8252435751699205e+00
5.8435983074036635e+00 1.1198293034009648e+00
2.6880787104675896e+00 2.1772647672985115e+00
3.7316942977040548e+00 1.5572946957773999e+00
5.9663700104650221e+00 2.4223253347043148e+00
2.4345334065038733e+00 2.3685163165773031e+00
4.1716523374714800e+00 4.7791363392382125e-01
1.9443888691358224e+00 1.4412998518461766e+00
5.5342862930335226e+00 1.8060842174239631e+00
1.9222019417735767e+00 1.1288030156821871e+00
1.8862025514643199e+00 1.5042787055726035e+00
5.7378244543627428e+00 1.2899096010439808e+00
3.0830207563189918e+00 9.8303706670142943e-01
1.2919834717407013e+00 1.3350893177113372e+00
1.7036311015629790e-01 1.5531587138449188e+00
9.7324635997478737e-01 1.6763187540680438e+00
2.0209897333698406e+00 2.4876315317974900e+00
6.1500135288896072e+00 6.4455646980309034e-01
5.0139060500820198e+00 1.7068292411578427e+00
4.2462323689741233e+00 1.6290823903803575e+00
5.3710892751811494e+00 2.7783552435255316e+00
2.6048546474416492e+00 1.5573018832284771e+00
4.8039882549962369e+00 2.9176602364883619e-01
3.0506798778458775e+00 2.0276160009288873e+00
5.0954206449921307e+00 1.0985686543527089e+00
2.7126278681409079e+00 2.3736966672213669e+00
5.4480126952469803e+00 1.0952923147468581e+00
4.6218085942593135e-03 1.0168560177813879e+00
6.2232201197778210e+00 1.4525663977136183e+00
1.6874549765009390e+00 2.2752282483503770e+00
6.2451342944131571e-02 4.7621472915357010e-01
9.7360313457065928e-01 2.2259247322730320e+00
2.7194342504830633e+00 2.8188242781593660e+00
5.6208529172992066e+00 1.3035752731198424e+00
1.8074207732014278e+00 1.4156870332931082e+00
4.8950750681066300e+00 1.6343715176866380e+00
1.0785044763127489e+00 1.3786418301047945e+00
4.6161148400375227e+00 1.0887713382056088e+00
1.5899695656481130e+00 1.8356287059414491e+00
5.1773099841841219e-01 1.3642296507298941e+00
5.4521167168597078e+00 1.8032163989840724e+00
4.3872118742859776e+00 2.4423992901017084e+00
5.9594867414116486e+00 1.9502885689836456e+00
6.1584819670942998e+00 1.5287210886510718e+00
3.2962360385509251e+00 2.3716139208487874e+00
5.7832713725792129e+00 2.4104040091072134e+00
3.0561859895580255e+00 1.9206195890635200e+00
5.6711397525848444e+00 1.2137589273298817e+00
1.5473236812754010e-01 1.7076517439613648e+00
7.5201342334203369e-01 1.5383537675485832e+00
4.7677398177026475e+00 2.6260429002109951e+00
2.6166426586796030e+00 2.5852834614821480e+00
2.5447111962082514e+00 1.9318184173529176e+00
3.7378011621400304e+00 1.8927299688999248e+00
1.1545092664996481e-01 2.7542218763265192e-01
2.4623855275588578e+00 1.0917177169353447e+00
2.9001224491785305e-01 1.2331952032799784e+00
4.4235131474042353e+00 6.9322409121403716e-01
3.2570860138565751e+00 1.5948536101252397e+00
5.0099421666805544e-01 1.8309516728339064e+00
2.5756833150243450e+00 7.4383358860454318e-01
2.6838173243784134e+00 2.0678997745008609e+00
3.9860642299902720e+00 2.2197271527985887e+00
1.3879162617843535e+00 1.3327181676401518e+00
4.9723324268849689e-01 2.0415863546776039e+00
2.9537312883981008e+00 2.2959535471647827e+00
4.5874401674335523e+00 2.0161894887115297e+00
3.8366473166223152e+00 2.0380119344954499e+00
6.1147519480604551e+00 2.9600737256573795e+00
1.5257391156641198e+00 2.1148562175376378e+00
1.4632730446641504e+00 1.2768816501139924e+00
1.2804819738411446e+00 2.2003724273965708e-01
5.1571426949293366e+00 1.9921858573197504e+00
4.4595411333516157e+00 1.2465615740333180e+00
5.2539670355236119e+00 3.6722486603604754e-01
4.5032365453813616e+00 1.4980460882442199e+00
4.2174277280136634e+00 2.0365594975472177e+00
2.7133643087287256e+00 1.3569666807809109e+00
3.4847619404370742e+00 1.5367366684524879e+00
6.1775155114950167e+00 2.4073322665136563e+00
5.9574919446408270e+00 1.3335939900526823e+00
2.0385865771613769e+00 2.2841693723403629e+00
1.0171955118807938e+00 2.1372432069703642e+00
2.5867700296807583e+00 1.4600918200256476e+00
3.5857060861108443e+00 8.6887088564809078e-01
1.0563685932650024e-01 1.1970360682696572e+00
5.4122131581492194e+00 1.6835390474581804e+00
5.5223447318923702e+00 5.3827200725575763e-01
2.9818776543152490e+00 5.2301018397831900e-01
1.3807619342702893e+00 1.6765779706942132e+00
4.5163699928077365e+00 1.9691987184842181e+00
4.4259661225967886e+00 5.7342268766244109e-01
2.7881766295058714e+00 1.6534189769329124e+00
1.1001656421623300e+00 8.4210777615711352e-01
4.9508412484206357e+00 2.1113706888357364e+00
5.6323592016453805e+00 2.4476211783339741e+00
9.4882513702484594e-01 2.4369191889181958e+00
5.8698496950765211e+00 1.4030687401050443e+00
6.2658200123821040e+00 1.6785305998418509e+00
2.7406218362690629e+00 1.8287305111372982e+00
7.9876648114874271e-02 1.0905417837627001e+00
1.4244816350067506e+00 1.7766201740978984e+00
4.4110855404673517e+00 1.1179969348368215e+00
4.2098589835847857e+00 5.6707407365653184e-01
1.7113367217797397e+00 9.2390580898449615e-01
2.2384122773929604e+00 2.7451074174266732e+00
5.8786492752223918e-01 3.4868125018529494e-01
1.9410897521285797e-01 6.0186280423412930e-01
4.6826110060517365e+00 1.1650656311680709e+00
2.0933239169584379e+00 2.8347772706075407e+00
3.2305459806640440e+00 3.1948219639134390e-01
5.9567374241836681e+00 1.8607237054300361e+00
4.2345720103319442e+00 1.7560760799451458e+00
3.0564158607146781e+00 1.5895048329420574e+00
3.9654219595755289e+00 1.4004700259893856e+00
4.2901823392219098e+00 4.0743984704881964e-01
1.3663856247641162e+00 8.4245221904877976e-01
5.0853519385885715e+00 1.6031400270517393e+00
3.0831671497948143e+00 8.0133133592575367e-01
2.7164090593862045e+00 1.7414909571842234e+00
4.4133772895236110e+00 2.7576952966008617e+00
3.4419011514597355e+00 2.0392089861055802e+00
1.6646119848923977e+00 1.9130911520967810e+00
4.1613239169590077e-01 1.6636240703468830e+00
3.6651827452345160e+00 1.6212737396086112e+00
4.1875312223848686e+00 1.1283399515303982e+00
3.6139504852355939e+00 1.8880544966885027e+00
3.5395640102357557e+00 4.6545333219344931e-01
2.9902827157857632e+00 2.0874467402903232e+00
2.1358183454231754e+00 1.0355559517054549e+00
2.8055900915047638e+00 6.3959858281024351e-01
4.7757942255287205e+00 1.3420407121483204e+00
6.2316381953997206e+00 5.4360551157990744e-01
1.5997218802007038e+00 2.7922587758020851e+00
4.9499597081286666e+00 1.5206051875651043e+00
1.0182722545758005e+00 2.9973906524479563e+00
1.4781398928816847e-01 2.4251995976689957e+00
2.8276957193665124e+00 1.7421483594108134e+00
3.4661963610188051e+00 2.1208634942270952e+00
1.5253176717818531e+00 1.4764850380063494e+00
9.6546917494565054e-01 2.0240507737201603e+00
4.2804467708489922e+00 1.1438039406735521e+00
2.2530886059953090e+00 1.4482650111925466e+00
3.1312651205800259e+00 2.1360036852492468e+00
4.5175602939439061e+00 2.6467782640543609e+00
3.6157430582508465e+00 3.0653149633822441e+00
3.2040474908618823e+00 2.2018133605733241e+00
4.8057597013744342e+00 1.6086586392202713e+00
4.4140652602481731e+00 1.3356744242172192e+00
2.0887803673784884e+00 2.3879050929031291e+00
5.3536846550731312e+00 2.3713984958284966e+00
4.2215957944950810e+00 1.9374887875517057e+00
3.6473337868340829e+00 2.4922950288795747e+00
5.2240474573210349e-02 1.7944106851734214e+00
5.3394819206661754e+00 2.0587219956827720e+00
6.9097427919576404e-01 1.2348309103932866e+00
5.3891538018913039e+00 2.1544805574734038e+00
2.1692573653737011e+00 1.2703309414008848e+00
2.7931851944355923e+00 2.2067286650533298e+00
4.9414186648709642e+00 2.5009621968143319e+00
8.8614030980723468e-01 5.4741354188079727e-01
3.8499240956241065e+00 1.3835540634851999e+00
5.7922550942596267e+00 1.7567342856196346e+00
3.9293552767171143e+00 2.4207510433543225e+00
3.6419866218942776e-01 1.4927736429473155e+00
4.4024175953399194e+00 2.5563935031549261e+00
1.7091899569599556e+00 2.1262953457105169e+00
4.3417935348964054e+00 2.3276355403912712e+00
2.2609622473845779e+00 1.8957068327562094e+00
3.2952680260615583e+00 1.8537500001827047e+00
1.4954723740067823e+00 5.9528799766846330e-01
5.6233324199980839e+00 6.1002245895258156e-01
2.4208511847601719e+00 9.9778427446390472e-01
6.5716175161252322e-01 2.5734342292703261e+00
2.4649873971200309e-01 1.7778903175039047e+00
3.8722853899835359e+00 1.6807436485428631e+00
5.8775928800848689e+00 1.8067005814819252e+00
2.2173067441800098e+00 2.2584822641474167e-01
4.6421910698822728e+00 2.0982984363913131e+00
1.8075104204066896e+00 2.4144415669854649e+00
8.2954965360969046e-01 9.7944036796696865e-01
3.1174858462956188e+00 2.7011583384167470e+00
2.5438632364619553e+00 4.3531567897808632e-01
6.1300736372609848e+00 9.0506095594216740e-01
1.9431386058292341e+00 3.9129123233513852e-01
3.6770946745574427e+00 9.4962470154848999e-01
3.5687997085904812e+00 1.2958857228675897e+00
3.7748500755724770e+00 1.6546862921553629e-01
3.4888830221533076e+00 1.3909346780193295e+00
1.7584633172120294e+00 1.6204265451165689e+00
9.1009021094568165e-01 2.0956377648708457e+00
4.6632083929508639e+00 2.2117108015062712e+00
3.1361906607964674e-01 1.6261829627551718e+00
5.0012831812096028e+00 1.1443057936039129e+00
2.6039913430627895e+00 2.4340102234823546e-01
5.3373351119615293e+00 1.9244302982500230e+00
5.9372128452108743e+00 2.1968843076482178e+00
2.6553275198915873e+00 1.8936188828637910e+00
4.2707498707549041e-01 2.5849442954290742e+00
4.8583310000510753e+00 1.2878679166077363e+00
3.8792162813193372e+00 1.7744472396627449e+00
3.1931385184787686e+00 7.4995424836137170e-01
3.5316421057148961e+00 1.6932790111745912e+00
2.2198053126929240e+00 7.3084048713942662e-01
4.7577229753285124e+00 2.0739455504090829e+00
2.2518711083479013e+00 8.9056490254247578e-01
5.5190624401077368e+00 7.5903926740792116e-01
2.0576106157501250e+00 1.7487049915055550e+00
5.0661860409045367e+00 1.3828798076169571e+00
5.2074728218249104e+00 2.6041730978789355e+00
2.7140608840803404e-01 2.1734594995621883e+00
2.5446804253382633e+00 1.3716511042320891e+00
6.0543150891294211e+00 1.5732021160707454e+00
2.6275764491877949e+00 6.2127172590939095e-01
2.0723423973247215e+00 1.2530590351494422e+00
3.9977912642717177e+00 1.4794275595831476e+00
5.3536473839320742e+00 1.3395779305851483e+00
4.7934907537665623e+00 2.5361666646797478e+00
3.3001723791414541e+00 2.7467680930267342e+00
4.6400109320431238e+00 1.0056357534336207e+00
4.6475976842709237e+00 1.9161639309498750e+00
2.7624370627301800e+00 2.5396708169507893e+00
5.3857958062708668e+00 4.5792914272686813e-01
2.8314975524572299e+00 2.6341571420104728e+00
5.9302971863545446e+00 2.5785913257697226e+00
5.0619458757638292e+00 1.5124417620118835e+00
9.2517880241534467e-01 1.8178178231038660e+00
1.2373106149914530e+00 2.8263723424440168e+00
8.9179740699946253e-01 2.6399195285980888e+00
3.2529016126853549e+00 2.0898389267876718e+00
5.0855972358287538e-01 2.5079121353223792e+00
2.9748982458109867e+00 1.3037160068910763e+00
6.1286632647498003e+00 1.6456860873363321e+00
4.2499233259765665e+00 2.4407134083576776e+00
5.4891643578798313e+00 1.6827867082272792e+00
2.9653183250713311e+00 6.1107573835123463e-01
1.7915211055423259e+00 1.5182687135462161e+00
1.1160883613524244e+00 1.1279599286102076e+00
6.0759054665242882e+00 2.7815552589527126e-01
4.7408768268327259e+00 1.4268234077462070e+00
5.9419232228482084e+00 1.6209293994520266e+00
4.2000789137575323e+00 1.4568297857747243e+00
1.1685315509434353e+00 1.3048697331334274e+00
1.7489685048386763e+00 1.0171898536700272e+00
3.1053883892072820e-01 1.4050032854662271e+00
2.0378786520331227e-01 1.1569448895150396e+00
1.7440637565425994e+00 1.7147619311368802e+00
1.0242270504897943e+00 1.3193260944430634e+00
4.3630892220269946e+00 2.1955169159182999e+00
5.6596102409953568e+00 8.0226823611380549e-01
2.2497733184246149e+00 2.0655255344538741e+00
7.1918753531259139e-01 1.8899234684525745e+00
5.0118679660299446e+00 1.9357825370891906e+00
2.9943889516852935e+00 4.2208284625511783e-01
4.3092567527254380e+00 2.1171610532405101e+00
4.2462809934960664e+00 2.5464821740083350e+00
2.6567908144713037e+00 1.1338225110738431e+00
3.9429835098240691e+00 2.5590631399593500e+00
4.0449468193825373e+00 2.1492078093105613e+00
3.2617669106110387e+00 1.3276078953707393e+00
1.2118766851696954e+00 1.1640448653575488e+00
3.3208652417182658e+00 7.2113822359099278e-01
4.6483349545607844e+00 1.4038097175979491e+00
2.7473131687486294e+00 8.1207580909059318e-01
4.5949222505630551e+00 1.2234534642150581e+00
4.2851685341202375e+00 9.2300727284727191e-01
5.9574677043545350e+00 1.4494704761855692e+00
1.7167334890239445e+00 2.9755155856558320e+00
2.1379681645055735e+00 2.2033888841899381e+00
2.5171671912002518e+00 1.7868966819647685e+00
4.0900471539493388e-02 1.4327018515688950e+00
3.9731318266409241e+00 1.8136633046366433e+00
3.6429526730699200e+00 1.2401234458067061e+00
2.3442450419962770e+00 1.4343329882470484e+00
2.6382623892407588e+00 1.0319615056511862e+00
2.9144737459892451e+00 2.2042089907858786e+00
2.0205062398817444e+00 1.6691711158430997e+00
1.4268004539593599e+00 1.8772697147434187e+00
2.7677915911559348e-01 1.4619387648693816e-01
6.9773727816009323e-01 4.3637440373201364e-01
6.0203842776420373e+00 6.7509024188449795e-01
3.0486619668743304e+00 1.7306867289018673e+00
4.7543813972647682e+00 1.0017110875204651e+00
2.1472874273718365e+00 6.5587554480868515e-01
4.0467453720531843e-02 1.9003362037266232e+00
3.7494519246618716e+00 2.4010748536142081e+00
2.3313564455005760e+00 1.5883715629691815e+00
4.1073381771029416e+00 1.8662678190232138e+00
5.2392831668725304e+00 8.2592723608597562e-01
7.6134796323667864e-01 2.2353953698309299e+00
3.6023553377590054e+00 2.1200333205993531e+00
3.5563143698324482e+00 1.4422298200244468e+00
3.2049927777099780e+00 2.4389057773200600e+00
2.8757570326467539e+00 2.1098069288452503e+00
6.0150877700036141e+00 1.2220219271873978e+00
1.0825339256980930e+00 2.4228177940152453e+00
3.3904772734044961e+00 1.3519889582760440e+00
3.9392811952885132e+00 7.1447487041999713e-01
2.7791720255726737e-01 1.5421099689021194e+00
4.0395082760978207e+00 2.0255648103724444e+00
5.1825703752559882e+00 9.1893056453707700e-01
2.5444239711021357e+00 5.3391911980281281e-01
2.6850513779694887e+00 1.2395341119580059e+00
5.3526254845488364e-01 1.6672609857822829e+00
3.6354212560726107e+00 1.6979091483778690e+00
5.4961195574958808e+00 2.1681622770745044e+00
1.3041181186756292e+00 1.7335925732488735e+00
5.1299785448880142e-01 1.5832215075885487e+00
1.2219628561297315e+00 8.1510709068736031e-01
4.0595588946285002e+00 1.1193236521057661e+00
4.5353217632869276e+00 1.3149952917560308e+00
3.8307089460633255e+00 2.4883068291741282e+00
2.9040539168851116e+00 2.3767725547012946e+00
2.0364292814900251e+00 1.4622879144308107e+00
4.0168113953309446e+00 1.5766176044411058e+00
3.4250715550940427e+00 1.4753245668032977e+00
4.1475402158758268e+00 2.7453522972283251e+00
8.6056886098620122e-01 1.4605958801062762e+00
4.1626876006186624e+00 1.2808851108569135e+00
4.3468247972276846e+00 1.5886260584883269e+00
5.6943023878562862e+00 2.3440549430784108e+00
5.2659423234126184e+00 9.9139559885111250e-01
1.1367642893802694e+00 9.5013267534229073e-01
5.8447056293409236e+00 1.9766570910296011e+00
1.2663181588585315e+00 1.6238835058454073e+00
1.3455046011048812e+00 2.0850874445663075e+00
6.2623502886920894e+00 2.1966064798939979e+00
1.8895501249028053e+00 9.0176500178635666e-01
1.7504504014400466e+00 2.6133895349225851e+00
3.5922665292759985e+00 2.2107377996000990e+00
2.6673039289654406e+00 3.4773834503576628e-01
1.1485066289998598e+00 1.4491798382219305e+00
2.4736422784663414e+00 1.4583199748956583e+00
9.3508946820124184e-01 3.6799806509544908e-01
5.3282927947220280e+00 2.5378554275225329e+00
8.7486183460055189e-01 6.9429695919416545e-01
4.2812974483621282e+00 6.4577895745815694e-01
4.7601938539296977e+00 2.1721505346799166e+00
4.8544963300688249e-02 2.2898057454687946e+00
8.8279305499594241e-01 1.1871167364510757e+00
1.5843498821817725e-01 2.1941797785313466e+00
5.2130090241156042e+00 2.4173383023224408e+00
3.6401262616875574e-01 1.8120472400874219e+00
4.1584798223766839e+00 1.6869022572632644e+00
2.8136498311701281e+00 2.4502673195855289e+00
5.0746479589439168e+00 1.2178464303456964e+00
2.2420877086468738e+00 1.5372303734997952e+00
6.0748957196102680e+00 1.6448611522631817e-01
1.2665411906364974e+00 2.2678291772821115e+00
4.5600634090459913e+00 6.3439468225401618e-01
3.3364572429912056e+00 1.2668945688348106e+00
5.5490628822407579e+00 1.0752929141892116e+00
4.6619184011721435e+00 1.7954918967582889e+00
6.3495413752863961e-01 1.5408011128991232e+00
6.0513038141817876e+00 2.4943888899621989e+00
4.5603911710926788e+00 7.4297782875693774e-01
6.6362774419572279e-02 1.6775360462454703e+00
4.2555686509918509e+00 1.2398350305021428e+00
3.0560513364922790e+00 1.1789661243378444e+00
2.0855304085148907e-01 1.9859012525515287e+00
5.9876847053140692e-01 1.4039499748761199e+00
4.4471343999332547e-01 1.8968656553653616e+00
3.8430900614372163e+00 8.8790586295093910e-01
1.5154152889140573e+00 2.6528824457611684e+00
8.4684232619738209e-01 3.6499943903456122e-02
3.3148139906353187e+00 9.5642029995082756e-01
6.0561189596515170e+00 2.8633477723042349e+00
3.8620863540490786e+00 7.9075865554297187e-01
4.2439978582273525e+00 8.1737909103768425e-01
1.4717998401068604e+00 1.1815184028539583e+00
1.2781314394749441e+00 7.3414492529844466e-01
2.9981596229584939e-01 1.7152307454676450e+00
4.2233536227025716e+00 1.8489816983373468e+00
3.0283122733486669e+00 2.4373630638248183e+00
3.8208048664807741e+00 7.5656731486524631e-02
5.3612965621377828e+00 7.8245555152521695e-01
1.6882992994699593e+00 3.0826743449331628e+00
4.7557497904724402e+00 1.1021519599801743e+00
1.5742333585061450e+00 1.2849058819318491e+00
4.3110720840091545e+00 1.7012553660938279e+00
4.7226043903065147e+00 1.6517503271460838e+00
3.6781195063769356e+00 1.8055613483405641e+00
5.1907007553100435e+00 1.7689920931183263e+00
5.9115292246690974e+00 2.7747563164572084e+00
3.9627179548240168e+00 1.6768347251265872e+00
6.9073572014020090e-02 2.5083873186996275e+00
1.1543740870535766e+00 2.7383047243877483e+00
1.2529286774428350e-01 1.4616104988862018e+00
5.7916034743008602e+00 1.3574362208068833e+00
2.9413103988056855e+00 1.1016961140515473e+00
4.9966978481209692e+00 2.0202524003592455e+00
2.8399761216845110e+00 1.1055385695933522e+00
3.1637861930702251e+00 1.1739503692597526e+00
2.6889460550744619e+00 1.6366657113341678e+00
5.3821065989199743e+00 6.0586817337456000e-01
5.6177422187207213e+00 9.7983992780826557e-01
3.9182967028360229e+00 1.5757745914862895e+00
1.8366448508022657e+00 1.0877433293111465e+00
1.9297882135155340e+00 1.2638081661212313e+00
1.7576306109774011e+00 2.0510066939925209e-01
4.4641070017149778e+00 2.3517322313666345e+00
4.7918084472741338e+00 8.0388772119834173e-01
5.2488516390919537e+00 1.4278466606641396e+00
5.1807918962768618e+00 2.3280387532660640e+00
1.7129688924507398e+00 2.9467309298982602e-01
4.9661054976167831e+00 8.6390366108255501e-01
3.9331890774141400e+00 2.6630102397000734e+00
1.5104527654161164e+00 1.9137906927143469e+00
2.4055397682374609e+00 1.7702954062603891e+00
2.7689593607865399e+00 1.2214607905021841e+00
3.1760621993967231e+00 5.5234131138048603e-01
3.2896752352082803e+00 1.7589456904674168e+00
2.3485561445351957e+00 1.1928492158473263e+00
2.0627343847449673e+00 3.1980325228909190e-01
4.4309439952664169e+00 1.5485530061486128e+00
5.8911264463213939e+00 1.2813058520069271e+00
3.6237200041963158e+00 6.8740473786944278e-01
3.7169669577833622e+00 7.6042173235890409e-01
4.6986934437092920e+00 2.3258620680919009e+00
2.3147879049863493e+00 2.1473499998533292e+00
2.8833761298076639e+00 1.3245954007839857e+00
3.2004079793892499e+00 9.7078743965205316e-01
5.8033758030931057e+00 2.0620278552243740e+00
2.9094024870855426e+00 1.8624067043647707e+00
4.0189864122361039e+00 1.9030422773466795e+00
2.9067391525434174e+00 1.7380897196417395e+00
3.4013356411108511e+00 2.2943768955293420e+00
2.6312073182247309e-01 1.0185524860738564e+00
5.1620248263909465e+00 2.4927187326143567e+00
4.0562112273941855e+00 6.7100356850184517e-01
1.1543505787349686e+00 2.5321663217375971e+00
1.3586286248082091e-01 8.2177352996641762e-01
4.6846076755678219e+00 9.0707859183674022e-01
3.4632771313184803e+00 1.6405414196374146e+00
4.0620032422429793e+00 1.3366970832050629e+00
3.9045545330585671e+00 1.8936641854420300e+00
4.5643608560218336e+00 8.8799729218877399e-01
5.5830705273480206e+00 1.4495542469064964e+00
4.2005697867876197e+00 1.3616381933521036e+00
7.9555163105375559e-01 8.0171079823560265e-01
4.4958424095945091e+00 1.6382453795839740e+00
2.8731690309189979e+00 7.3116911944265439e-01
4.1018508907798488e+00 1.5084569375578800e+00
3.9705031078465889e+00 1.1790708489720605e+00
4.2971198111046460e+00 1.3968249707922902e+00
3.6990036708809626e-01 1.0667983060066040e+00
1.4106001323464370e+00 1.5259669379241894e+00
1.0458768789627859e+00 1.0275910246103450e+00
5.8183800465791737e+00 1.6581890519736842e+00
3.1501477100288624e+00 6.4785246845127575e-01
4.0888073791577497e+00 2.5189069158384436e+00
4.6613555112746754e+00 1.4806489463820771e-01
4.6359201385568705e-01 1.1336181625213684e+00
1.4349767049007631e+00 1.4270995314873507e+00
1.7946969913501740e+00 2.3100486464416217e+00
5.8042340011445486e+00 9.1362698364521455e-01
1.4866400810813574e+00 1.0783115803347680e+00
1.5181036354343980e+00 1.7863726270826874e+00
4.3293212048554217e+00 2.0236640195883657e+00
4.1185555937336504e+00 1.9682926368190115e+00
4.4236959229727786e+00 1.4234027060244443e+00
5.2376034346709233e+00 1.2401168630061128e+00
4.4747239353983028e+00 8.1865275278072647e-01
6.4974975217517272e-02 2.1487629782848519e+00
3.5647319621982856e+00 1.5864982716392695e+00
5.7448636732897507e+00 1.8431114564182223e+00
6.2254449931933786e-01 2.0077407797809976e+00
3.5230994901599590e+00 1.0413670525875092e+00
5.9620358086282348e+00 1.0831253546858610e+00
1.3294076919227584e+00 1.8230767665354550e+00
3.1612013149928218e+00 1.9473419718622913e+00
7.5498359830380579e-01 1.6169972998491549e+00
4.7082392536171360e+00 1.9909979906283453e+00
2.0063403550111341e+00 2.1866634763264861e+00
1.2111086575221539e+00 1.7921644938855807e+00
5.9638517853003226e+00 2.0361504018932886e+00
4.4529004031966526e+00 2.1160662287209586e+00
5.1624714536537510e+00 1.3731746218562544e+00
4.4651099377980037e+00 2.9887099897433544e-01
4.4567192783682934e+00 2.2412136495919657e+00
3.3195886945468378e+00 6.2058858783488313e-01
1.2043049485876998e+00 1.5441374107995507e+00
3.0317720339152929e+00 2.1814066986183018e+00
3.5935146384896717e+00 1.1363786277326324e+00
5.1371681767931499e+00 1.2805125009442135e+00
1.3208370869316233e+00 1.9276842178625064e+00
3.2862555802572810e+00 1.5000641285584013e+00
5.0807712179503346e+00 2.8148050771828643e+00
2.4807085667422122e+00 2.7317103833828154e+00
3.5241006954440848e+00 9.4980139103514272e-01
4.5267648730672434e+00 2.4724962284902410e+00
1.2602066920221702e+00 1.2381913886623845e+00
4.0150508175212494e+00 1.0348586982232613e+00
6.1564318552794841e+00 1.0087664155989580e+00
3.2495856493724431e+00 1.2071293291494607e+00
3.6612556599452031e+00 5.8429709922758000e-01
3.4669972019199857e-02 2.0050318093261223e+00
5.3897647795807107e+00 7.5161741937988635e-02
5.2161171989465753e+00 1.5301441745473798e+00
4.8091525937585651e+00 1.1978121300375555e+00
4.9622220667344950e+00 4.9417351031590218e-01
2.3933320581467297e+00 2.0702332915911521e+00
7.6620144556043268e-01 1.9199219811143209e-01
2.2638507239816401e+00 2.2198143181907191e+00
3.9347078811359157e+00 4.8466809189936022e-01
5.8289530752779584e+00 4.6111756697254402e-01
6.4976666679591810e-01 2.3674408136090284e+00
4.6602060112414154e+00 2.7211076086624333e+00
4.2138904198119231e-01 1.9850210665614592e+00
4.7489249773853128e+00 1.5193913674980215e+00
2.8120296685821020e+00 8.7798640249025084e-01
2.6592139929339886e-01 1.3237595708542851e+00
5.4285902236368795e+00 1.9138072557781827e+00
1.1151114282657266e+00 1.7906089917561285e+00
6.5877117704427146e-01 8.1509234837239808e-01
1.7947712485978955e+00 1.2990457058385672e+00
1.8905063157332398e+00 2.0942802463104080e+00
3.8216773122612286e+00 1.5705969796131083e+00
4.1772220060763949e+00 7.1330377067518236e-01
6.2005758154718098e+00 2.2912451142255872e+00
6.1715574481026074e+00 8.0396996706985457e-01
4.7939732222157234e+00 2.2822812858260422e+00
1.6942144359866211e+00 2.5161175501836248e+00
5.9241233622654192e+00 2.6916335960654623e+00
2.4351450870008051e+00 2.8407558904940249e+00
1.2210228072247293e+00 3.9187425384695862e-01
4.1029471807009328e+00 8.0119907250322286e-01
6.1796309709568771e+00 2.7064844345872947e+00
1.7384226438438199e-01 1.2647600010963818e+00
8.5876575199460703e-01 2.8399486050037326e-01
1.2675118277589108e+00 2.1786329777239417e+00
4.6032458889887566e+00 2.5608967563203415e+00
2.8216999798979336e+00 1.8618418634705700e+00
5.3538234028981719e+00 1.0746697119904443e+00
2.4310510207903038e+00 1.3743848407559884e+00
5.3249622522109679e+00 1.7025487179110201e+00
4.6844585467875639e+00 5.7832119699094175e-01
2.5715867938133070e+00 3.0234482031594734e+00
9.5254254071773437e-01 1.5375640270603490e+00
3.2230868138999638e+00 2.2979275568995714e+00
2.9080638571037687e+00 1.6295976708771065e+00
2.3815172145954215e+00 1.5149299098181885e+00
6.1837874632265999e-01 1.2944688523765282e+00
1.6201158110674283e+00 2.1910591827977850e+00
2.1404454175594627e+00 1.8745577655315748e+00
2.3616181467519035e+00 1.8430798723645343e+00
9.4127227834994143e-01 1.4057900377471970e+00
2.1354158875105247e+00 1.4449898553273153e+00
1.8435774952725077e+00 1.2160273147740681e+00
5.2979104092254490e+00 2.1911436613850115e+00
2.2587634244948656e+00 1.2317418901136543e+00
5.5040423361176973e+00 9.7404557177479689e-01
1.6826601684411409e+00 1.8088863764139709e+00
4.8401524196730836e+00 1.8211368975516704e+00
3.8176642219286956e+00 1.1690444807500651e+00
2.1456000372089346e-01 2.0864664785028029e+00
4.5475948500520538e+00 3.8458521838940030e-01
2.2294626331670120e-02 2.3887996903202131e+00
4.3449043986051077e+00 1.4774324134009276e+00
5.6079227449027718e+00 2.6941167216697948e+00
2.7230575306386910e+00 1.9602044930765845e+00
3.9444194940489021e+00 1.9853876147222711e+00
3.7019696357803875e+00 3.8446322401692412e-01
1.3939084922146625e+00 2.2449964770940207e+00
4.9840335511759477e+00 1.6113265528777070e+00
1.8422371256636001e+00 1.7255968798666004e+00
5.8599344065910959e+00 1.0214656460080953e+00
1.7221519241483054e+00 2.8656344292255715e+00
3.4242643940711641e+00 9.0835688401311443e-01
2.1446507733257589e+00 1.5371939855119583e+00
1.4103512899039332e+00 2.7292189349841536e+00
3.3682377144678401e+00 1.5597809856185336e+00
7.7505046311125447e-01 1.7055039665270175e+00
8.6232463885095267e-01 1.5601627810987178e+00
6.2642108111399919e-01 1.1431740344141432e+00
1.9436518762521064e+00 1.5913564039076051e+00
5.0295139635191477e+00 9.7422961962817178e-01
3.2040201665863086e+00 4.5618995972246901e-01
5.4491640843173039e+00 8.5706986207676905e-01
6.0835931665119851e+00 1.7732581561865559e+00
2.1446368872347765e+00 2.5692743830800238e+00
1.3436336769007713e+00 5.2979853043063518e-01
3.1883815256569243e+00 1.8502147810002301e+00
2.3534575748882913e+00 1.0993225757102032e+00
5.3296315888722026e+00 9.0156954791556998e-01
1.6168300674436185e+00 9.7722270421587565e-01
5.3255698155517059e+00 1.4701007379256212e+00
3.5298559238695431e+00 1.9625224258341285e+00
4.5180720749144836e+00 9.6925810730155426e-01
2.1650536952979911e+00 1.6898122565296980e+00
8.2365898659118919e-02 1.5804217715256315e+00
1.2041832191058635e+00 1.6921013338848607e+00
3.1720348477569940e+00 1.7638252779096555e+00
1.6104950684112662e-01 2.2925756624775668e+00
3.2660822693542628e+00 1.9485174705689456e+00
1.8090445586403323e+00 6.6387634890733760e-01
4.3386219315367418e+00 7.6483837024622536e-01
5.5309051745563584e+00 1.5843959939629888e+00
8.1650916382488781e-02 1.3282052785883098e+00
2.2179283875277371e+00 1.1415945074911351e+00
2.6307435244890200e+00 2.4557999515841757e+00
5.4583600087466433e-01 1.4948809086128469e+00
5.2072399473132425e-01 2.1952355059022497e+00
3.9952978289874874e-01 2.6658640362116204e+00
5.5293961833330645e+00 2.5332683629351798e+00
6.0610732128892444e+00 4.6762057133242863e-01
2.4425836597995549e+00 1.6125107139356332e+00
1.9157880128533058e+00 2.2964344852398533e+00
3.4733812459012423e+00 1.2874204444020934e+00
4.9865342658795857e+00 1.4354155940939333e+00
5.1047329417632028e+00 1.9053720897125022e+00
5.4578884864200035e+00 1.1910578807201035e+00
5.0011341029117897e+00 1.8246404470595237e+00
6.1612528911711468e+00 2.1311703571682212e+00
5.7111501603881303e+00 2.0120840526078831e+00
1.4029993827351994e-01 1.8085284933186883e+00
2.9007413876194743e-01 2.7636391842547008e+00
4.4245906063918454e+00 1.9118787000167821e+00
3.3361385428142052e+00 1.4223561729276282e+00
3.2206635795725087e+00 1.4062473186145896e+00
2.9478565990095249e+00 2.5164864525664550e+00
4.6135956527140287e-01 1.4620877974084481e+00
1.4699974675803540e+00 1.6705171582253893e+00
8.0191007780691503e-01 1.2349752139456021e+00
6.0611534644067993e+00 1.0956442916642821e+00
3.9648512833011029e-01 2.2181509474871741e+00
1.5716909350305253e-01 3.8183582005474026e-01
4.0965380179722697e+00 1.4121985571419817e+00
2.3691859682894738e+00 7.0395853392404995e-01
7.9301851624693143e-01 1.3296850783195102e+00
3.8068221512654579e+00 2.3225884167598618e+00
4.8350561010697852e+00 2.7682576423652874e+00
4.9518725198369102e+00 2.9510878636256876e+00
1.7812895050209101e+00 2.1932636882057674e+00
2.7058298181731639e+00 1.5464738176481492e+00
2.5430845071807648e+00 2.2581924623919685e+00
3.5593310521016672e+00 2.5764361666076772e+00
4.8565343873250884e+00 1.5183604094236336e+00
5.7241195648334111e+00 2.4571332460016682e-01
8.9490655991498347e-01 2.3245550424951840e+00
1.5805490972742016e+00 2.3269186861828253e+00
2.4241098108495782e+00 2.2451671166448675e+00
6.0940202632109877e+00 2.6106902199483066e+00
2.1230041404166915e+00 1.1596173062131578e+00
5.5796018633868174e+00 1.7136480080065759e+00
1.5812795939017574e+00 1.5820187344518784e+00
1.5150206667176931e+00 1.3701704249584998e+00
6.2263940533953193e+00 7.3183082320138648e-01
5.8937987905725695e+00 2.3390607103600258e+00
3.9478029103019328e+00 2.0927344294847883e+00
3.0085922763110622e+00 2.6097474892458030e+00
2.1712503404963130e+00 2.3043211277635431e+00
5.0337024272325968e+00 2.5748947113395610e+00
4.9220078934842526e+00 2.2592383873690203e+00
1.8390303701308852e-01 9.2822418445406396e-01
3.3935907229338458e-01 6.4454512513926099e-01
2.1063655362356535e+00 1.6164720902804075e+00
4.9087842038641236e+00 7.7914153687162646e-01
3.8542791302854731e+00 2.1379058311686157e+00
6.1637958558959820e+00 1.8479812789251124e+00
1.0324503420987803e+00 1.8680453093226193e+00
3.9095688196131779e+00 1.1085160571330905e+00
1.9019352130133096e+00 4.9952397087766509e-01
4.2088167745162686e-01 2.1217655831296578e+00
5.6727884626472305e+00 1.0739032964272073e+00
3.6188514648677081e+00 1.5113615823901989e+00
1.9661019421824679e+00 1.0297784624556872e+00
1.0490763589375112e+00 7.5376166406451861e-01
2.1821022395245575e+00 1.9616405208983796e+00
4.6347491758441173e-01 5.8620687743798372e-01
4.0775865428342506e+00 2.8367404719773326e+00
1.6122218508424477e+00 1.4700191217727352e+00
4.8297526107178328e+00 6.7803256754170360e-01
1.8871426675105867e+00 2.1932898910050551e+00
2.6213821856752579e+00 1.7235788451863872e+00
3.2300286911042475e-01 1.8895511225030597e+00
2.3053411973808435e-01 1.4563692355838909e+00
1.2485160921302985e+00 9.1019988800034701e-01
1.7840468028584660e+00 1.8196387421199658e+00
3.8331260808664958e-01 1.2931915160752543e+00
2.3645352187715343e+00 3.3517237416524326e-01
2.6691501835177611e-01 8.5078608469739048e-01
5.8186895628320512e-01 8.8099873973667175e-01
4.2050770799888326e-01 4.9178663829183167e-01
5.5992984744891610e+00 2.1951944968894654e+00
1.9890270823247636e+00 1.3415839938918759e+00
3.7876960119469953e+00 1.0686021592921398e+00
2.4039484542368958e+00 8.8791690970818571e-01
5.9359938591650714e+00 1.1790683431191145e+00
4.7927024619635503e+00 1.9356421452037718e+00
5.6369430785647481e+00 2.7879942410373326e+00
3.5955365948829558e+00 2.4066768661430666e+00
4.4361243447526846e+00 2.0304466295689809e+00
2.4714219933166053e+00 7.9280615234014473e-01
1.3976366933963800e+00 6.6475942867234294e-01
8.7244908891801343e-01 1.7400730615339230e+00
1.2818789295174908e+00 1.1656899069249449e-01
5.7478710684133834e+00 2.6343579516603723e+00
8.8131417074739371e-02 7.2236500883825872e-01
5.6138618732659653e+00 1.5290503796888797e+00
3.3708955333699091e+00 3.9092686611753891e-01
5.0262514576991579e+00 7.3239254107739593e-01
2.8016880642956092e+00 2.3004152534259186e+00
2.1498348537365790e+00 1.7823081737861159e+00
4.9435745725778473e+00 2.6594295267632098e+00
2.2831625301989886e+00 1.7249039999167859e+00
3.3863406730322909e+00 1.7401645288331598e+00
5.5884750156111656e+00 1.9911633917416374e+00
5.0942514271143802e+00 5.8402442064640048e-01
1.5637930193665439e+00 1.6948050867476141e+00
2.7485187181812409e+00 1.1024087869900010e+00
5.1770778341867860e+00 1.1607101145241858e+00
9.0401225382117500e-01 8.8737957517720356e-01
4.8567015503866662e+00 2.0527210467330570e+00
5.7526266491907529e+00 1.0168897000777912e+00
3.0798179142716520e+00 1.8342774758527254e+00
3.4067159266371942e+00 2.6194677047757393e+00
5.2897613992562027e+00 7.0389067868421851e-01
6.1891231505865125e+00 3.8596771526163254e-01
4.8930946089450220e+00 2.3634986121732342e+00
2.2378789576712546e+00 1.6347119798902530e+00
3.1707706108598814e+00 1.0747245448424323e+00
1.4139939865716544e+00 2.4467620974992448e+00
2.9087231183727109e+00 2.7386230542198637e+00
4.2285605903503587e-01 1.7460692923849197e+00
3.6665324886475270e-01 2.4465097659787807e+00
4.1222871349695360e+00 3.2475929916031454e-01
3.7291752278518659e+00 4.9810031836840851e-01
6.0240405902901584e-01 6.2854924756988917e-01
3.9324355141133909e+00 2.5758463697065936e-01
3.4145708173038880e+00 1.2044765030536895e+00
5.3712600881246342e+00 1.2332061066961788e+00
4.1213357819513092e+00 1.7801101768530856e+00
1.7316143236369292e+00 2.6971116675661966e+00
7.5281748618258604e-01 1.7950622725355829e+00
4.1383111921846671e-01 1.5701248511601005e+00
3.8865331217051780e+00 1.4837906607655194e+00
4.4066065285116753e+00 9.7864990538563712e-01
1.6981257909711638e+00 1.5082535467665994e+00
2.7642392963173710e+00 5.4260711997616040e-01
2.2880492446702805e+00 1.3369232622919238e+00
4.5036881291206177e-01 7.1190116718886742e-01
6.7757164741898990e-01 2.4710745132037051e+00
7.6053626204538238e-01 8.9721143555805960e-01
4.3645430885563057e+00 2.0828846053079375e-01
1.4088002467726870e+00 2.1495788146660288e+00
1.6375103230116641e+00 6.5013260763631731e-01
6.1931871273244639e+00 1.2204399388369360e+00
4.5003052628374096e+00 1.0663441664057534e+00
3.5227751813222072e+00 1.1847677179019045e+00
3.6388805453519613e+00 1.0304862897277678e+00
4.6051400632314001e+00 1.4839063842670392e+00
5.1304523107456603e+00 1.0106656240238654e+00
2.5698301178807874e+00 1.6444047048983508e+00
7.3630502006235066e-01 7.0443984340015320e-01
1.1928646069039208e+00 2.3716177156516429e+00
4.3908705619449258e+00 8.7904793360516364e-01
4.2097917495387946e+00 2.1657932579992649e+00
3.2970152919504203e-01 9.4212555497687378e-01
2.3679804453532070e+00 1.6833783961358655e+00
3.1226034792341135e+00 1.3756645542059622e+00
4.9157288086071524e+00 1.8723122553510982e+00
1.0072893804384186e+00 1.7643850298565027e+00
3.0581593657026866e+00 1.0841481559769393e+00
3.8032723616271591e-01 3.9822877550650571e-01
4.9665654198914932e+00 6.4087146905489201e-01
2.4878555924484758e+00 1.2829028504010767e+00
1.5576163987466360e+00 3.6149795631003645e-01
4.9615276337619818e-01 1.2748228327312559e+00
4.4406380686112090e-01 1.0004340421799631e+00
5.7994409249968628e+00 6.6874210356870512e-01
1.2693239264215077e+00 2.0222344824920824e+00
5.8439465304577309e+00 2.4962495102856179e+00
2.3306773862195018e+00 8.0523447497765921e-01
5.9907243224189646e+00 1.7623950878918422e+00
2.2574848504106679e+00 1.0571179625116141e+00
2.4038579826474482e-01 5.1524604968954213e-01
3.7251604295035192e+00 2.0396749072847249e+00
3.4102061207903938e+00 1.9462207145641295e+00
5.6582680202904507e+00 1.3851138975792880e+00
1.2744884223854982e+00 1.4924101467259250e+00
4.9486687781611733e+00 1.2399622970373749e+00
2.1906955890847817e+00 1.3637413994806686e+00
6.0023955600274626e+00 2.2734636008296389e+00
5.3638670651032134e+00 1.8035181189057612e+00
4.4970583793166110e+00 1.7409479503308678e+00
1.2584526859785421e+00 2.4690807149510166e+00
1.1199335700915336e-01 2.0570729696482144e+00
2.2024386858924285e+00 1.2292719470463731e-01
3.5005337525673492e+00 5.9997358970587744e-01
6.8268315705171068e-01 9.6137031740165524e-01
5.4508119774560146e+00 2.2680713132383299e+00
5.7277417518579004e+00 1.4406786432541903e+00
2.2490070429073024e+00 2.6524154371099478e+00
2.8580444425509346e+00 1.2181590810070571e+00
2.9146232408883588e-02 8.4286290620061732e-01
2.1386938531563988e+00 5.6037142488307490e-01
3.0849221122719905e+00 2.2689777606480921e+00
1.7702901459177718e+00 1.9148632425178929e+00
4.2348371315628981e+00 1.0159444843024628e+00
5.7251849455263466e+00 1.6159979691658539e+00
3.6279854676254097e+00 1.3711650603107068e+00
1.6995564266789698e+00 7.5830336605457804e-01
5.4003690623226763e+00 1.7218985550915944e-01
1.8441880312862757e-01 2.8654940035883891e+00
3.8188428692679448e+00 1.9475732767935050e+00
5.9464032560193489e+00 1.5329855247686988e+00
3.2726460109838134e+00 1.0710507431655385e+00
5.9183674680537477e+00 3.6717588828518188e-01
1.7617492331324507e+00 1.1665786095291379e+00
3.1612662289715732e+00 2.0386033744887491e+00
5.5797125545298893e+00 4.2998469471563561e-01
1.2519877461928794e+00 6.1315480325380789e-01
5.1789860766217908e+00 1.6158340334133341e+00
8.7818480182781489e-01 1.0973485359332835e+00
2.7715388771413787e+00 1.4762311774364449e+00
5.0337279209749841e+00 2.3345710447583068e-01
4.4876236546889405e+00 1.8432337076866179e+00
3.0249563893182900e+00 7.0316588463207952e-01
3.7957685021206675e+00 6.7130006054002478e-01
6.4007856663592788e-01 1.7903627845545074e+00
1.5898062828449431e+00 1.0812805972304940e+00
4.0159502162159910e-02 6.2519960040193512e-01
5.2623372025389044e+00 5.4801712755012622e-01
6.8261329422201200e-03 2.6140138839037981e+00
3.5080830037698734e+00 2.7085914698854854e+00
6.7985984149380529e-01 1.4566390429383966e+00
3.5634797692356326e+00 2.9765127964389801e+00
3.7251802770190707e+00 2.1297663486715406e+00
4.7523562178231682e+00 2.8721593739613795e+00
2.0632084749042514e+00 8.7944100139978543e-01
5.6772998026541073e+00 2.2581703276841463e+00
4.9803793539818626e+00 3.6757344565923300e-01
6.5541844160746177e-01 1.0461552732848525e+00
1.8574736657273136e+00 9.8197773369914998e-01
5.6522263357325073e+00 1.7913113700364334e+00
7.2430345600896073e-01 1.9708213116108402e+00
4.8895394585791863e+00 1.1491819140642450e+00
5.8737885815110635e-01 7.3213422919451032e-01
4.6626423196122833e+00 8.0363786836388917e-01
4.0291471205861065e+00 5.7678215611271877e-01
4.8108087131185506e+00 9.0237776143122295e-01
5.8367436556810741e+00 1.5680076450537297e+00
1.1323839163446516e+00 1.6144389397298229e+00
1.6270138991880279e-01 2.6877836082536639e+00
5.2962345017698382e+00 1.5838527161947065e+00
3.0256189262287392e+00 1.3954248265552658e+00
8.1310765838783050e-01 2.4400567952740313e+00
6.1182287899932142e-01 1.8753475911400770e+00
8.2104242420907125e-01 2.0215105064436836e+00
1.0893376686761469e+00 1.5239395533028064e+00
6.0313103208757965e+00 1.6707210634365013e+00
1.8774734555672499e+00 1.8364221042449695e+00
3.7012004924827733e+00 2.6760928491692431e+00
5.5051361687953833e+00 2.0673009538681666e+00
1.4769701686373311e+00 2.0349150956746409e+00
4.5244011369275663e+00 1.1649194591951026e+00
2.5762310909364836e+00 1.2248921122958443e+00
1.9493402955457242e+00 2.3955661470458964e+00
4.0674082832826466e+00 2.4294203887552741e+00
2.5113339673409811e+00 2.4963935607843366e+00
7.4331838127696681e-01 1.1479573341465750e+00
6.1418655059552325e+00 1.4073715981913419e+00
3.2996165483884932e+00 8.3654391956773111e-01
3.0967080785337155e+00 2.3601856857164130e+00
2.0290808247815004e+00 2.1013122833083391e+00
1.2840606837786852e+00 2.6284964239559949e+00
5.4426646454682341e+00 1.3231747316673212e+00
1.6190975668453229e+00 2.0632014325597616e+00
3.3297241956944257e+00 1.1398310813551047e+00
3.4325465545150111e+00 2.3976457633350643e+00
6.0650501011225817e+00 1.4844642020089442e+00
1.9160634487962507e+00 2.7607515259553765e+00
1.5468528930114660e+00 2.5575144008111503e+00
1.9651381192674109e+00 1.8006913071339494e+00
3.4427672041020232e+00 1.1011587784170653e+00
2.3690559785208083e+00 1.3013958103904979e+00
1.5171018842567379e+00 2.2247050893601052e+00
4.3190241506973770e+00 1.3057778897549186e+00
1.5738176069837659e+00 1.1854340804340087e+00
6.0867993959209663e+00 1.9599419237447036e+00
3.0576116971652749e+00 8.9266035630979390e-01
2.6587382791585128e+00 2.2807335134988511e+00
3.5795766669732445e+00 2.0398970855897520e+00
3.8739760099778815e+00 1.2426077203014358e+00
5.1331894430099654e+00 7.7508568416233903e-01
5.5626484445773663e+00 8.7281761200988361e-01
1.0132528226303221e+00 1.4619149648309229e+00
3.8180375732276151e-01 2.9477538209544258e+00
2.1209946402735715e+00 4.6838174471221627e-01
3.7879385680158277e+00 9.7588518050380346e-01
2.4789015054111969e+00 1.8732314357341615e+00
5.8963746373647954e+00 7.4436680110683184e-01
4.0585957534858474e-01 1.2007254099424229e+00
6.0364523518211293e+00 2.1441953217673237e+00
4.1362149577926806e+00 2.2356879018488502e+00
3.9998184275399797e+00 8.2112409751306270e-01
1.0635180429539988e+00 1.9858753951869081e+00
2.2261719071090535e-01 1.8744113562631792e+00
3.5762196135069959e+00 1.7863061217548570e+00
1.7502128089605229e-01 1.0588631703775455e+00
4.5648091925540939e+00 2.2488728911105689e+00
1.3565874969618865e+00 1.2248880907345605e+00
1.6228318213030399e+00 1.3683573361300168e+00
6.0202421041366856e+00 8.6527763207820629e-01
1.1271303215473729e+00 1.8973539150320120e+00
5.0269028077133147e+00 2.4271164018483304e+00
3.2958250184859628e-01 7.7705770408066288e-01
1.9971188370447797e+00 1.1920278260525967e+00
6.0722340263728709e+00 1.2882671641301895e+00
1.6873684848026071e+00 1.0943139057838094e+00
7.7414839279080905e-01 1.0630751317620850e+00
3.7887598341686211e+00 1.4529563648900521e+00
3.9537825443575629e+00 9.1935937169096293e-01
5.5323792081591971e+00 1.2427691483626937e+00
5.7138133981662484e+00 1.5275422611946219e+00
3.0501882107184874e-01 1.1349456944962872e+00
4.7904248642428957e+00 4.2092712253514630e-01
5.4014324774217632e+00 1.4387455380584675e+00
2.9312924026874101e+00 9.0441025905320505e-01
5.0250189044000759e-01 2.2960780750945728e+00
5.3962360552518618e-01 1.0734876380690972e+00
1.2009034775317342e+00 2.1122793695016870e+00
4.9323555919381521e+00 1.7455166230735615e+00
2.6721737134471830e+00 9.2222923540980561e-01
5.2793147164455814e+00 1.8227855717830286e+00
1.0025334410396383e+00 2.5398058448550240e+00
4.5476081780645181e+00 2.1337781756146761e+00
1.1021202819312350e+00 2.6441358570002524e+00
5.2650728180867112e+00 1.3264947383906491e+00
3.3240282925162181e+00 2.0129630381891039e+00
6.0632932940074120e+00 1.8754409406790984e+00
5.2721425042938641e-01 2.4094888992580326e+00
5.8809917991519427e+00 5.9823497840101791e-01
2.2535289806753203e+00 1.8041747661432699e+00
3.3489623069903818e-01 2.0797112735756218e+00
6.0422683152225662e+00 9.8939647240695194e-01
3.6353079216929567e+00 2.8037390706164880e+00
2.6744936899454697e+00 2.6990005584209666e+00
3.6982325886131062e+00 1.4583863505442367e+00
2.3145235463770502e+00 6.0747043113968924e-01
1.3350070804894079e+00 1.4366674812424320e+00
1.6917765546700991e-01 1.3701004270067212e+00
9.4817958839785899e-01 1.2593784382128712e+00
2.4870756807401557e+00 6.5144018857003305e-01
5.6195282858360240e+00 2.0856471850174638e+00
2.7088348531258917e+00 7.2247924328895519e-01
3.8700976320635005e+00 2.7597065023157885e+00
2.5191510337198477e+00 9.1316070136747407e-01
5.3296721328895149e+00 2.6834759625245352e+00
4.7423492614446987e+00 1.7426764430354975e+00
7.7979295478550048e-01 1.4355559725510882e+00
6.6312678866098107e-01 2.1773639381788206e+00
4.0677223104477775e+00 9.3593383548394715e-01
2.5373457009776113e+00 2.0790408661672317e+00
7.7743517795090078e-01 2.3350168301901038e+00
